1	151463.3066	360569.8321	53.08482003	90.94651626	51.21280305	-0.69848864
2	151463.9161	360569.5704	54.33541509	85.78398287	51.00412657	3.841864043
3	151462.7905	360570.603	53.88628158	87.15025509	50.89068311	3.055467267
4	151463.0584	360569.2419	53.13719695	89.08806752	49.66920058	1.564380829
5	151463.2739	360570.0705	53.31275099	86.38576359	45.914657	2.448151897
6	151460.6839	360571.2348	53.56126205	84.80662328	45.56037047	4.919352026
7	151456.776	360571.9513	53.31399611	85.67193819	44.2423565	4.649441138
8	151453.324	360571.0936	53.59527269	86.47406581	44.22017012	3.283589981
9	151450.4532	360571.1053	54.08696091	86.70945779	43.78379524	2.879953828
10	151447.1262	360570.177	54.97192819	87.03809299	43.02486182	2.96434103
11	151443.7312	360569.3216	55.47324261	87.0901004	41.50624693	2.771744219
12	151440.2354	360567.2068	55.63725061	87.61963335	43.97985423	2.580002355
13	151437.7306	360564.6328	55.62543856	87.32278081	45.83082716	1.758945473
14	151435.2745	360563.3148	55.48172113	86.07845896	46.2885807	2.750087335
15	151431.8197	360561.8864	55.13828821	84.58850872	45.97826739	4.642681024
16	151428.2721	360560.669	55.80072766	85.81126416	45.42263863	3.210087027
17	151425.6175	360559.2879	56.69985624	85.90133277	40.42262129	2.653788028
18	151422.1614	360557.9585	56.55229476	86.27836659	40.42932537	2.718107175
19	151419.0868	360556.2139	55.72620975	87.197861	41.132869	2.155699279
20	151416.982	360555.275	54.97788349	86.50451036	41.1271951	1.007709655
21	151415.0802	360556.0532	54.20919372	85.78549236	49.7717648	3.031129622
22	151413.5286	360555.9055	54.17864064	88.04417283	45.46744476	0.519521217
23	151413.5837	360555.844	54.39194183	87.70432319	45.43702915	0.952130889
24	151413.3528	360555.3604	54.34706397	87.74037621	46.933493	1.313150113
25	151414.0468	360555.6079	53.65204538	87.27801567	47.08713214	1.265582148
26	151413.9022	360555.8475	52.70871702	86.96979566	46.84067607	2.155076238
27	151413.4561	360555.7718	52.23062064	86.37089163	53.96125922	3.089284513
28	151413.8415	360555.7577	52.48078583	87.65705006	52.59082638	1.666344478
29	151413.8021	360555.567	52.62082793	86.98070732	54.82743811	2.748492855
30	151413.8342	360555.4025	52.51335039	87.07176462	54.40600222	2.458996168
31	151414.0093	360555.416	52.72564954	87.02093498	51.94342753	2.34173392
32	151414.2394	360555.5995	52.68135774	87.01806927	54.43048904	2.352114378
33	151414.3315	360555.6082	52.63981862	87.0463483	54.577542	2.566285773
34	151414.1188	360555.6452	52.71076791	86.64375857	54.70803853	3.120391363
35	151413.5062	360555.098	52.82393848	87.09125491	54.86962586	3.061819096
36	151412.7659	360553.492	53.07908639	87.49235612	54.79523028	3.160384685
37	151412.5197	360551.8087	53.47049854	88.16676355	54.77511633	1.297807753
38	151412.8591	360551.6558	53.65991886	86.98665555	54.58361857	1.719094605
39	151412.2793	360551.4361	53.59221481	86.7451499	54.56802255	3.558389162
40	151410.2525	360549.2738	53.44345805	87.06553689	54.52564597	3.710644393
41	151409.3048	360546.9144	53.57793651	89.2764146	58.72203942	0.926560514
42	151410.2555	360546.7043	53.60694758	87.35022105	59.23890002	0.893463017
43	151410.3783	360548.3586	53.30109598	85.83492674	59.08073278	2.354006642
44	151410.4246	360549.3039	53.24961379	87.46693134	58.92735225	2.009618388
45	151410.8841	360550.3823	53.55576166	86.96080086	58.78798588	2.047045753
46	151411.0198	360550.8208	53.37096217	87.77542898	58.81993504	2.441558217
47	151411.4939	360552.2352	53.1395093	86.97318352	58.78557944	1.913129449
48	151412.0448	360554.2087	53.56124093	87.16279139	58.61519507	1.970926875
49	151413.2036	360556.1773	53.77719702	87.59344281	58.38414673	1.600961461
50	151413.6209	360558.6302	53.79914948	86.34196255	58.40584819	3.038308921
51	151414.7348	360560.6251	53.61789581	88.72483754	58.25229611	1.0265242
52	151416.6581	360562.0793	53.55491262	89.63037006	58.09785635	0.252140482
53	151419.2109	360563.7178	53.82204945	88.7985446	58.41713194	0.704073775
54	151421.901	360565.6094	53.84669402	89.35509379	58.72332466	0.230970724
55	151425.0917	360567.6635	53.92989499	88.81405894	58.83672858	0.745730113
56	151443.0515	360578.0538	54.67556928	84.84419933	68.92638067	4.920096179
57	151443.6568	360578.8207	54.53709106	85.19387785	68.09438406	4.882658327
58	151445.3959	360580.9777	53.88778492	86.63034313	67.64807857	2.43213391
59	151446.8294	360583.2603	53.7887022	85.1765311	67.55381622	4.617487079
60	151448.1509	360585.8749	53.8232918	84.68089618	67.7740302	4.195004004
61	151450.6227	360588.8351	54.24065804	86.70864623	67.66268543	2.340903665
62	151452.4042	360592.0488	53.7381746	83.70208884	67.84372213	5.745966715
63	151454.3573	360595.2414	53.26440876	83.10507441	67.95640964	6.149050229
64	151456.1692	360598.413	53.93878506	84.48627836	67.73365475	4.998192313
65	151459.1308	360602.5339	54.36289066	83.72459292	68.05810595	4.746810155
66	151462.6828	360606.6216	54.49838665	88.83711952	54.59880544	0.829137076
67	151464.4419	360608.4144	55.49882277	84.95906068	54.51143326	6.242381763
68	151465.7451	360608.5144	56.42287916	88.77552218	54.50124263	2.175595784
69	151468.3904	360607.749	56.83301892	87.97955039	54.56553186	2.854212475
70	151471.0675	360607.4802	56.2640205	86.04902187	54.76015989	3.547055931
71	151473.0435	360607.2973	56.28756315	86.56071898	52.16245467	2.717636293
72	151474.1136	360606.4486	57.01706826	86.4791381	51.94157146	3.625698232
73	151475.7975	360603.9854	57.03159638	86.86419176	51.75815915	3.910393741
74	151475.4599	360600.7257	56.26269945	85.51449942	51.54648218	5.487385172
75	151474.1651	360596.8947	56.04794721	85.23679719	51.89769379	5.265361181
76	151473.2355	360592.9363	56.53205777	85.74445377	51.83799959	4.229468622
77	151471.3881	360590.304	56.61665648	84.11919723	51.7265254	5.243327175
78	151468.2723	360587.7597	56.3214881	84.04989415	51.82496787	5.400851537
79	151465.447	360584.6893	56.40432194	85.3262129	51.78979595	4.078923001
80	151462.6432	360582.082	56.36809177	84.99760703	51.59227377	4.331346512
81	151460.5401	360579.3494	56.36401231	84.96028031	52.08707648	3.105626467
82	151457.3032	360577.9821	56.19466511	83.86758695	51.50557286	5.419831479
83	151454.3076	360575.5294	56.11684194	84.19903739	51.48920181	4.337187845
84	151451.8037	360572.6422	55.91112831	84.79411533	51.30475631	4.13426166
85	151449.5083	360570.7485	56.14183371	84.26190296	51.26873718	3.99351624
86	151446.6938	360568.0884	56.37121878	84.32808812	51.34564989	5.214366865
87	151443.2942	360564.8303	56.36267885	83.89206254	51.23438067	5.72138493
88	151440.5984	360561.7498	56.44485455	84.52909937	51.38386948	4.539449103
89	151437.9475	360558.0962	56.07108245	82.91825358	51.02463477	5.619608183
90	151434.9028	360554.4549	56.31625896	84.16063643	50.03601798	4.852938968
91	151432.4872	360550.4815	57.04359942	85.57947147	50.88178906	3.598804546
92	151430.5384	360547.4926	57.88647843	84.93425456	46.98229496	3.4782035
93	151427.971	360545.3725	58.43670187	83.63043172	46.67694584	4.064006303
94	151424.6776	360543.1323	58.49120048	85.94882081	47.72439847	3.437851904
95	151424.094	360540.0899	58.16252199	87.38300703	47.91888697	0.43238877
96	151425.7534	360539.2072	58.05595198	86.80018685	50.27969315	0.32761018
97	151427.0413	360539.6134	57.86193693	51.01638878	87.03166891	37.24855614
98	151428.2607	360538.8308	57.75914776	68.19081607	85.08463071	21.31055588
99	151429.6622	360537.1748	57.72581884	86.03774994	67.35064325	4.219718479
100	151431.1165	360534.8962	58.07177048	86.25499288	67.18433399	4.091104914
101	151433.3331	360531.966	57.68522201	85.82186578	67.39583668	4.260929293
102	151433.8757	360531.6232	57.47910682	82.09759395	66.14838172	6.304698704
103	151433.8878	360532.4042	57.91670007	82.63112456	64.97222062	6.35059168
104	151435.2089	360534.2951	57.73313155	86.27014019	48.15240598	2.109003335
105	151436.5533	360537.6138	57.79518473	85.3914174	48.07082889	2.650045462
106	151437.6163	360540.5656	57.83757348	86.17759191	49.46390161	3.167913497
107	151439.7149	360543.1545	57.39646321	87.27386781	49.48158565	1.360875002
108	151441.8282	360547.1365	57.08695376	85.71709	49.5741892	2.620348206
109	151445.1984	360551.5592	57.32528413	88.84585204	49.5223794	-0.100881913
110	151448.1846	360554.7544	57.17015667	86.12238947	49.41214913	3.08971562
111	151450.4413	360558.4867	56.31849667	85.59161403	49.41695273	3.822022541
112	151452.2839	360561.777	55.5533291	86.03724688	49.87078245	3.787665329
113	151453.7513	360564.801	55.09846824	84.7561597	50.22955305	4.984351936
114	151453.8765	360566.9903	55.53499221	84.86134171	49.55971051	5.045576676
115	151454.6153	360568.3276	56.29572691	85.66326565	50.62676465	5.007161034
116	151455.0878	360568.9939	56.09100673	85.4833983	50.96576915	3.790650452
117	151454.4552	360569.2214	55.90087845	82.49863752	49.66174781	7.433513019
118	151454.5128	360569.5296	56.42581385	84.61261949	50.10981268	4.758247903
119	151454.1253	360570.0747	56.5267609	84.13638597	49.83520938	5.488082073
120	151453.8076	360569.5241	56.51507491	84.54668097	47.0546073	4.008553175
121	151454.6966	360570.3863	56.40285451	84.06497152	46.57004404	3.561689074
122	151455.2067	360572.7877	56.24477676	81.98970306	45.44894537	4.286865892
123	151455.0132	360575.918	56.48574909	83.60354771	45.39551653	4.922810682
124	151456.3852	360578.0112	56.32409252	84.65360815	45.53832595	3.104998927
125	151458.9275	360580.608	56.88007241	84.7443674	44.96539211	2.575758814
126	151460.6182	360583.5295	56.79180416	82.55384494	44.71814516	4.607499334
127	151461.5623	360586.5669	56.41692626	82.68290236	45.08092636	5.252292034
128	151463.3288	360589.6128	56.34960045	84.2387455	43.82722127	4.399751737
129	151466.5388	360591.0144	56.57598694	84.91914722	43.70234007	3.387545036
130	151469.084	360592.6785	57.12582049	84.47610509	43.63462942	4.641306285
131	151471.0106	360591.5698	57.52161756	86.31137004	43.67148248	4.362157707
132	151474.9013	360589.4825	57.84725359	86.46507024	43.58741182	2.762431503
133	151478.7674	360588.8615	57.87372867	83.85280548	42.63450465	4.223242366
134	151479.3986	360588.2334	57.20792734	82.24498249	42.73671641	7.196163336
135	151477.3872	360585.6893	56.53430967	84.64375201	42.24921912	6.602275239
136	151475.876	360581.7362	56.48775497	84.65202833	42.32900847	5.248968568
137	151474.1992	360578.4084	56.2371495	83.63957576	42.06852385	5.546865376
138	151471.4054	360575.6715	55.91870779	83.41428547	41.97621014	5.527557215
139	151467.7838	360572.3533	55.67384938	83.53914193	41.9982078	5.844690535
140	151464.6436	360569.4817	55.9024833	83.62104235	41.75222928	4.699299116
141	151461.8003	360566.5512	56.01138573	83.10074369	41.77301668	4.778044911
142	151459.1773	360564.4454	55.70627919	83.99242918	41.64538878	4.196540835
143	151455.5657	360561.6862	55.93747962	84.67659052	41.46198953	4.453091943
144	151453.2037	360558.3981	55.71760198	84.31169239	41.38277348	4.048806954
145	151451.1885	360556.5144	55.96552767	83.48600338	41.43989365	3.849669302
146	151448.8137	360553.7551	56.8030919	86.03411048	41.49377629	3.460780479
147	151447.2668	360550.2802	57.1428051	86.62401436	41.1351862	2.175188798
148	151446.9162	360548.3498	57.39262074	84.64502562	41.12296486	2.315741311
149	151445.8744	360548.1932	56.79326955	83.90959944	41.25576475	3.425853332
150	151443.303	360547.772	56.56907661	85.331093	41.22999347	4.190367479
151	151442.0352	360544.6898	56.6131972	87.95950734	44.20997306	1.322989604
152	151465.1417	360582.4407	54.88352919	87.74354924	54.95905273	1.999978974
153	151465.9494	360584.8526	53.54209862	84.77885952	52.64755521	6.568159753
154	151464.8926	360587.6811	52.84538479	86.36563965	31.61828997	3.511796423
155	151462.9501	360589.6098	52.26579879	87.14553779	29.75226432	3.57679637
156	151460.9158	360591.4965	51.92399347	86.20551771	38.56016781	3.699825695
157	151458.7521	360592.9031	53.03194729	85.65388006	43.62674976	3.866256261
158	151456.6263	360596.3032	51.85130424	83.67010262	43.56798647	4.178513064
159	151453.8527	360599.1507	52.18989874	86.00757026	43.23148742	3.172807017
160	151452.3592	360600.7043	52.94951365	87.1913169	43.37220001	2.357305021
161	151451.9551	360601.0492	53.32023099	87.6928709	43.2788025	1.784190557
162	151452.0196	360601.6571	53.16245883	86.71470704	43.18987581	2.366227873
163	151452.3276	360603.6978	53.10249117	122.6798734	37.20913524	-21.45421932
164	151452.1879	360605.0098	53.07697905	120.8359271	38.09283964	-19.43417899
165	151453.7938	360606.887	53.57540127	119.3908356	35.69892946	-18.24150607
166	151455.2899	360609.3358	54.18961426	118.2164843	35.86791592	-17.41462422
167	151456.9725	360611.5755	54.17410668	117.7393768	36.18255717	-16.47431111
168	151458.0587	360613.3581	54.84398426	118.464957	35.83749524	-17.43083827
169	151460.8319	360615.3555	55.6941348	117.8438268	34.78183393	-15.76722875
170	151462.3773	360616.0991	56.01147547	118.0059523	33.06740906	-14.50370322
171	151464.7457	360616.0976	56.19439359	116.4022506	25.94267468	-11.6239127
172	151466.5051	360616.1451	55.87961339	116.2663911	29.53638885	-12.23071772
173	151468.4029	360615.9902	56.14815115	116.3376948	25.46029345	-10.05483001
174	151469.6636	360615.1048	56.19783181	116.4752573	25.20300708	-10.64884291
175	151471.0025	360613.7907	56.03217745	116.2206625	25.43080331	-10.46895541
176	151470.7061	360612.0282	55.28881763	115.9315387	24.57456211	-9.015894006
177	151469.0069	360608.9243	54.89333081	116.9350652	24.25361128	-9.167371917
178	151468.4702	360605.503	54.41987421	116.527359	23.44486082	-10.30160486
179	151468.2884	360603.4717	53.30114714	114.4305955	23.56831768	-9.237961003
180	151466.3576	360602.4085	52.95190576	115.0716161	24.03881317	-8.603886428
181	151461.6203	360593.4181	51.82795124	120.6498343	40.2552769	-21.54626832
182	151460.1199	360593.8565	51.53678666	122.0957957	40.40153561	-21.87189299
183	151459.6609	360592.8479	51.12626512	123.3553037	40.26171899	-22.70671435
184	151460.9455	360592.976	51.78193399	123.2994019	40.13516275	-23.49326154
185	151462.0907	360594.6353	52.47361301	122.4347279	40.99538273	-22.87427974
186	151461.3259	360594.6898	52.20502656	123.083299	42.13200833	-21.78375134
187	151460.9729	360592.6926	51.78521391	124.5997413	41.42600745	-23.30727333
188	151461.7572	360590.6907	51.36686178	124.1370972	41.64250719	-23.48817418
189	151462.4629	360589.601	51.93876638	123.9326632	42.03549841	-23.55400751
190	151461.2945	360588.2929	51.91635946	123.0104895	43.02094478	-22.51214838
191	151460.6509	360586.9138	52.20252019	124.2890086	43.20401863	-24.02931741
192	151460.6098	360586.1705	52.70195548	124.6453426	43.1009782	-25.86704635
193	151461.0318	360587.0053	52.75488988	123.9612077	43.62842725	-25.2483578
194	151460.6821	360588.9187	52.08848416	123.970834	45.02957178	-25.80636301
195	151462.1099	360591.0338	51.47897563	125.3566186	44.74304313	-27.14872096
196	151464.7072	360593.5231	51.98549433	125.852215	44.28750343	-28.00021747
197	151467.2236	360595.4968	52.72430757	125.667063	45.85961018	-27.64083816
198	151468.7846	360596.8108	53.14258256	126.3550714	46.82289678	-26.46660396
199	151469.8848	360597.7127	53.16801711	126.4614265	46.66037216	-27.14597234
200	151470.6435	360597.5619	52.94167805	126.5699195	46.82899607	-27.46161807
201	151471.6374	360598.4103	53.11857559	127.3818941	48.45400577	-29.11011
202	151472.0011	360599.0017	53.20988626	128.1445447	49.13497897	-30.17372271
203	151472.3541	360599.7984	54.80433219	127.7302588	49.24900694	-29.6306253
204	151473.236	360602.6657	61.17386613	106.7448225	54.76928138	-14.12274892
205	151474.288	360607.8508	63.20265912	77.81750539	56.8374535	9.96559688
206	151474.4188	360608.3781	64.36519288	79.78626007	56.41245804	9.572300716
207	151474.34	360608.664	64.9546687	81.48354053	56.94684018	8.005287697
208	151474.3825	360607.926	65.1733156	82.10941011	57.27576797	7.418258653
209	151474.6217	360606.7372	65.50743997	75.90590535	56.95541611	12.59942203
210	151473.8606	360604.7159	65.59959642	76.77800141	57.34659344	12.4742713
211	151472.6459	360602.0009	65.69119416	75.40066439	57.52265455	13.50696228
212	151470.8667	360599.5087	65.51233814	74.34594367	57.90163218	14.14504127
213	151468.2449	360597.1922	65.64167883	75.54798747	51.16931496	11.80763342
214	151465.8816	360595.2063	65.99689004	81.88472597	20.89948158	3.746298788
215	151463.2181	360593.8823	66.21584354	81.40863667	19.46229923	3.911175704
216	151459.9846	360592.8675	66.22456542	81.04567091	19.6366545	3.824152475
217	151457.6654	360592.5508	66.59996008	80.98900825	20.01510823	2.864336573
218	151455.8731	360593.7666	66.70587584	80.48749126	19.90477351	2.995753044
219	151453.8859	360595.5668	66.61762593	80.43618614	20.49589301	3.334510267
220	151451.9827	360596.9457	66.54476082	81.45330599	20.28099571	3.104300819
221	151450.7383	360597.9502	66.60844297	80.64158662	20.76103846	3.113062868
222	151450.6082	360599.1085	66.63411705	77.53722603	20.87465292	3.836799891
223	151451.1913	360600.842	66.49881003	75.03577168	20.71336583	4.755224808
224	151451.6523	360602.5689	66.43099026	75.10070599	21.24095529	5.25648611
225	151452.4933	360604.2802	66.05407009	74.23703069	28.27350915	7.196958755
226	151453.883	360606.1484	65.69032082	74.13639263	28.67010706	7.284537175
227	151455.5477	360607.8024	65.71683956	74.36642453	28.61416987	7.366207306
228	151457.3645	360609.4752	65.78732265	74.17743188	28.77698824	7.639883241
229	151459.2047	360611.0315	65.72297195	73.720148	29.03930929	7.927637942
230	151461.0833	360612.2844	65.77213143	74.08820413	28.8303234	8.005292594
231	151463.2615	360613.6051	65.69928305	73.56191677	29.05855297	7.998068167
232	151465.0093	360615.966	65.64021271	73.20489196	28.86587965	8.52133846
233	151466.5586	360617.4982	65.62654502	73.82854416	28.90976364	8.272660554
234	151468.1037	360618.5102	65.58958476	73.70364684	28.67961967	8.796957283
235	151468.2559	360619.3647	65.53389227	73.13130151	28.1194658	9.200175476
236	151467.4183	360620.0995	65.67496553	73.99771652	27.63025666	9.019781171
237	151467.3701	360619.2236	65.49198763	75.11794177	28.14540656	7.4064431
238	151468.3718	360620.064	64.02633057	74.16073549	26.10671335	7.027311497
239	151467.2507	360620.4488	63.08156037	74.29729417	25.95505397	7.944600862
240	151466.6564	360620.0218	62.31196363	74.09539996	26.29024189	7.609804551
241	151465.6406	360619.245	62.02648436	74.65627413	26.34120594	7.928401003
242	151464.7887	360617.6992	62.43839675	74.80498937	26.47599289	7.214023424
243	151463.9624	360616.1261	62.3825396	74.28807483	26.42231312	7.521200977
244	151462.6278	360615.5883	61.99692037	73.46437036	26.10160093	8.251437544
245	151459.9929	360614.3162	61.22812166	74.31863646	26.37804978	8.365021294
246	151458.322	360612.1025	61.09211026	75.31399135	26.49813112	6.968435847
247	151456.7802	360610.5414	60.62718617	74.6616367	26.30385599	7.318736657
248	151455.069	360608.5307	59.94900217	74.4586049	26.31692295	7.444978694
249	151452.9557	360606.5475	59.50838573	74.55567518	26.07573904	7.382248719
250	151451.3942	360604.7735	59.47703831	75.35559637	25.98776448	6.533495059
251	151449.7027	360603.2563	59.23738341	74.46776719	25.88115123	7.27788963
252	151447.627	360601.3502	58.79045561	75.10401976	26.17748615	7.193499626
253	151445.6128	360599.0333	58.30730843	75.04406319	26.2010595	7.400628298
254	151445.0623	360596.8649	58.55396923	74.64967471	26.52275728	6.059844287